17 49
18 92
21 137
23 177
21 135
22 137
28 244
24 175
24 135
27 209
33 313
30 242
35 351
32 276
34 312
38 386
34 310
36 311
37 349
36 242
40 383
36 209
43 349
48 385
86 48
89 90
88 48
88 46
93 133
88 45
96 174
91 88
98 207
94 131
101 241
98 172
103 275
100 205
100 205
104 274
106 309
103 239
109 347
107 308
105 272
112 383
103 131
106 273
108 306
113 383
111 344
111 347
110 306
113 381
114 381
113 272
159 44
162 87
160 42
166 130
164 85
169 171
172 205
167 128
172 204
166 42
174 238
171 169
177 270
178 303
173 202
176 238
174 169
176 236
177 236
179 268
179 270
182 300
223 303
223 302
227 341
229 377
232 41
228 339
233 40
236 86
231 375
236 86
234 38
239 130
235 38
242 170
238 86
237 375
245 204
238 115
245 234
240 145
244 170
244 170
248 266
241 115
242 145
244 191
247 235
250 265
253 299
246 89
251 262
247 190
252 262
250 172
255 296
258 261
282 38
283 38
289 89
291 133
290 87
300 210
295 130
301 258
296 35
305 255
309 31
310 208
310 258
315 34
340 35
343 86
347 133
345 84
348 132
351 169
349 130
354 207
349 33
352 167
358 257
356 205
361 295
360 255
365 334
363 293
368 370
360 167
366 332
369 368
369 292
395 32
396 31
396 30
401 84
402 83
403 131
399 32
403 131
406 165
408 205
402 81
408 164
409 253
404 82
405 128
411 252
405 128
410 162
412 204
413 249
420 252
449 30
449 30
450 81
447 38
450 29
451 27
452 79
457 164
459 203
453 19
459 162
457 79
463 253
461 201
470 290
465 250
465 162
471 288
474 328
477 364
476 326
479 362
481 326
486 362
487 26
499 79
497 35
501 77
499 31
507 162
501 28
502 26
505 122
505 122
508 160
505 24
505 22
516 285
520 282
518 25
528 77
521 22
532 122
529 75
526 34
533 121
528 31
531 26
532 24
534 119
535 119
547 286
548 285
550 324
553 361
551 322
555 358
557 322
558 283
570 26
570 25
573 75
572 25
572 24
577 122
576 73
578 122
580 159
579 120
583 156
585 281
588 185
584 23
590 213
593 246
591 117
593 155
597 25
598 23
596 247
600 281
600 72
600 246
609 323
604 119
600 359
605 119
608 153
607 72
611 322
616 363
615 361
613 155
614 279
630 361
645 24
646 22
646 21
648 365
649 72
648 21
652 118
654 153
650 365
650 364
653 327
650 70
653 325
654 118
651 332
654 116
655 116
654 19
657 150
655 323
661 283
656 322
661 281
661 280
659 288
667 250
663 279
667 246
664 277
662 115
667 246
666 253
674 214
669 244
675 211
670 241
673 218
679 187
673 150
679 184
679 183
677 209
678 208
680 188
681 183
682 180
686 149
682 179
684 162
685 159
688 148
688 146
693 115
689 145
693 114
691 133
690 19
691 17
696 71
696 112
703 70
697 110
703 70
697 141
706 18
701 76
707 18
709 284
705 69
708 282
705 67
705 140
711 281
711 280
709 24
715 213
715 212
0 0
