1 114 3
1 171 3
2 109 3
2 212 3
2 217 3
2 283 3
3 19 3
3 46 3
3 82 3
3 143 3
3 166 3
3 285 3
3 291 3
3 306 3
4 14 3
4 41 3
4 77 3
4 138 3
4 249 3
4 254 3
4 322 3
4 328 3
4 329 3
5 1 3
5 14 3
5 20 3
5 353 3
6 21 3
6 115 3
6 172 3
6 359 3
6 365 3
7 39 3
7 41 3
7 47 3
7 110 3
7 167 3
7 322 3
8 59 3
8 77 3
8 83 3
8 144 3
8 327 3
9 84 3
9 139 3
9 151 3
9 359 3
10 1 3
10 105 3
10 110 3
10 116 3
10 364 3
11 8 3
11 14 3
11 21 3
11 126 3
11 139 3
11 145 3
11 150 3
11 156 3
11 173 3
12 39 3
12 157 3
12 174 3
13 41 3
13 47 3
13 60 3
13 175 3
13 211 3
14 67 3
14 73 3
14 78 3
14 192 3
14 210 3
15 14 3
15 67 3
15 72 3
15 78 3
15 84 3
15 101 3
15 218 3
15 285 3
15 290 3
16 9 3
16 83 3
16 107 3
16 116 3
16 122 3
16 127 3
16 235 3
16 248 3
17 116 3
17 140 3
17 146 3
17 151 3
17 254 3
18 41 3
18 46 3
18 121 3
18 165 3
18 171 3
18 174 3
18 272 3
18 284 3
18 290 3
19 191 3
19 292 3
20 15 3
20 194 3
20 200 3
20 217 3
20 313 3
20 321 3
20 327 3
21 10 3
21 194 3
21 199 3
21 221 3
21 227 3
21 234 3
21 336 3
21 358 3
22 247 3
22 364 3
23 77 3
23 253 3
23 272 3
24 82 3
24 284 3
24 290 3
24 292 3
25 16 3
25 101 3
25 312 3
26 11 3
26 106 3
26 165 3
26 320 3
26 326 3
26 336 3
27 140 3
27 170 3
27 221 3
27 226 3
27 357 3
28 66 3
28 71 3
28 145 3
29 115 3
29 120 3
29 247 3
29 284 3
29 289 3
30 17 3
30 252 3
31 18 3
31 40 3
31 76 3
32 7 3
32 30 3
32 39 3
32 81 3
33 50 3
33 65 3
33 71 3
33 193 3
33 320 3
34 72 3
34 75 3
34 81 3
34 198 3
34 325 3
34 357 3
34 362 3
35 94 3
35 100 3
35 106 3
35 114 3
35 164 3
36 120 3
36 169 3
37 8 3
37 13 3
37 19 3
37 30 3
37 137 3
37 139 3
37 145 3
38 39 3
38 45 3
38 50 3
38 157 3
38 163 3
38 169 3
38 252 3
39 65 3
39 71 3
39 72 3
39 177 3
39 192 3
39 220 3
39 261 3
40 75 3
40 81 3
40 94 3
40 198 3
40 225 3
40 282 3
40 283 3
40 289 3
41 65 3
41 70 3
41 99 3
41 105 3
41 113 3
41 225 3
41 303 3
41 319 3
42 19 3
42 75 3
42 80 3
42 119 3
42 136 3
42 242 3
42 246 3
42 325 3
43 14 3
43 39 3
43 44 3
43 138 3
43 144 3
43 157 3
43 347 3
43 356 3
43 362 3
44 163 3
44 169 3
44 176 3
44 251 3
44 261 3
45 163 3
45 282 3
46 168 3
46 197 3
46 219 3
46 288 3
46 303 3
47 225 3
47 242 3
47 318 3
48 20 3
48 245 3
48 324 3
48 348 3
49 15 3
49 99 3
49 355 3
49 361 3
50 104 3
50 138 3
51 143 3
51 219 3
52 113 3
52 224 3
52 282 3
53 64 3
53 118 3
53 287 3
54 21 3
54 38 3
54 69 3
55 16 3
55 34 3
55 37 3
55 43 3
55 74 3
55 79 3
56 43 3
56 63 3
56 245 3
56 250 3
57 69 3
57 73 3
57 79 3
57 191 3
57 196 3
58 89 3
58 98 3
58 104 3
58 162 3
58 167 3
59 318 3
59 355 3
60 33 3
60 250 3
60 323 3
60 360 3
61 17 3
61 37 3
61 137 3
61 167 3
61 266 3
61 281 3
62 43 3
62 63 3
62 142 3
62 176 3
62 190 3
62 218 3
62 223 3
62 287 3
63 69 3
63 73 3
63 79 3
63 89 3
63 196 3
63 312 3
63 317 3
63 323 3
64 111 3
64 223 3
64 335 3
64 354 3
65 23 3
65 63 3
65 68 3
65 117 3
65 238 3
65 244 3
65 360 3
66 250 3
66 266 3
67 13 3
67 167 3
67 175 3
67 280 3
68 4 3
68 37 3
68 42 3
68 73 3
68 78 3
68 312 3
69 24 3
69 195 3
69 217 3
69 317 3
69 323 3
69 335 3
70 161 3
70 166 3
70 238 3
70 249 3
70 354 3
71 243 3
71 354 3
71 360 3
72 14 3
72 19 3
72 359 3
73 5 3
73 25 3
73 36 3
73 136 3
73 317 3
73 322 3
74 2 3
74 20 3
74 42 3
74 141 3
75 2 3
75 58 3
75 62 3
75 72 3
75 78 3
76 79 3
76 111 3
77 100 3
77 110 3
77 280 3
78 21 3
78 122 3
78 135 3
78 141 3
78 285 3
79 27 3
79 37 3
79 143 3
79 160 3
79 189 3
80 3 3
80 58 3
80 166 3
80 194 3
80 249 3
81 71 3
81 78 3
81 79 3
81 184 3
81 188 3
81 194 3
81 257 3
81 279 3
82 27 3
82 77 3
82 100 3
82 205 3
82 243 3
82 285 3
83 22 3
83 110 3
83 116 3
83 122 3
83 228 3
83 242 3
83 304 3
83 316 3
83 322 3
84 135 3
84 141 3
84 143 3
84 328 3
84 353 3
84 358 3
85 4 3
85 135 3
85 140 3
85 165 3
85 358 3
86 184 3
86 248 3
86 257 3
87 28 3
87 188 3
87 194 3
87 205 3
87 279 3
88 23 3
88 29 3
88 110 3
88 115 3
88 228 3
88 285 3
88 304 3
89 41 3
89 242 3
89 315 3
89 321 3
89 328 3
90 5 3
90 63 3
90 71 3
90 279 3
90 352 3
91 188 3
91 284 3
91 358 3
92 193 3
93 76 3
94 24 3
94 30 3
94 41 3
95 6 3
95 63 3
95 352 3
96 70 3
96 134 3
96 357 3
97 1 3
97 30 3
97 242 3
98 141 3
98 261 3
98 278 3
99 25 3
99 109 3
99 160 3
99 284 3
99 315 3
100 7 3
100 114 3
100 185 3
100 187 3
100 193 3
100 308 3
100 314 3
101 25 3
101 31 3
101 203 3
101 329 3
102 2 3
102 21 3
102 32 3
102 70 3
102 220 3
102 241 3
102 347 3
102 351 3
103 8 3
103 12 3
103 50 3
103 69 3
103 75 3
103 139 3
103 141 3
103 247 3
103 261 3
104 2 3
104 160 3
104 277 3
105 166 3
105 185 3
105 283 3
105 308 3
106 186 3
106 192 3
106 202 3
106 314 3
106 320 3
106 329 3
107 22 3
107 26 3
107 214 3
107 347 3
107 356 3
108 13 3
108 33 3
108 50 3
108 133 3
108 160 3
108 241 3
108 350 3
109 9 3
109 27 3
109 69 3
109 138 3
109 165 3
110 3 3
110 214 3
110 219 3
110 241 3
110 246 3
111 9 3
111 108 3
112 4 3
112 33 3
112 113 3
112 314 3
113 319 3
114 28 3
114 69 3
114 186 3
114 246 3
115 74 3
115 191 3
115 268 3
115 277 3
115 283 3
116 10 3
116 290 3
117 5 3
117 34 3
117 312 3
117 313 3
117 319 3
118 35 3
118 335 3
118 350 3
118 356 3
119 29 3
119 36 3
119 159 3
119 358 3
120 56 3
120 68 3
120 132 3
120 164 3
120 268 3
121 11 3
121 137 3
121 276 3
121 282 3
121 290 3
122 6 3
122 137 3
122 312 3
123 107 3
123 112 3
123 146 3
123 158 3
123 213 3
123 218 3
123 240 3
123 245 3
123 313 3
123 319 3
123 335 3
124 30 3
124 164 3
124 349 3
124 355 3
124 358 3
125 55 3
125 184 3
125 185 3
125 191 3
125 313 3
126 12 3
126 67 3
126 73 3
126 202 3
126 212 3
126 218 3
126 318 3
127 7 3
127 36 3
127 219 3
127 276 3
128 31 3
128 137 3
128 146 3
128 236 3
128 239 3
128 281 3
129 163 3
130 184 3
130 245 3
131 13 3
131 190 3
131 202 3
131 266 3
131 275 3
131 281 3
132 37 3
132 131 3
132 219 3
132 286 3
133 8 3
133 32 3
133 136 3
133 236 3
133 301 3
133 312 3
134 106 3
134 239 3
134 318 3
134 349 3
134 354 3
135 111 3
135 239 3
135 335 3
135 348 3
136 32 3
136 38 3
136 244 3
136 266 3
137 14 3
137 29 3
137 50 3
137 67 3
137 275 3
137 281 3
137 285 3
138 9 3
138 15 3
138 20 3
138 184 3
138 301 3
139 9 3
139 86 3
139 189 3
139 311 3
140 2 3
140 111 3
140 275 3
140 317 3
140 334 3
141 121 3
141 130 3
141 136 3
141 280 3
141 348 3
142 30 3
142 33 3
142 39 3
142 50 3
142 139 3
143 21 3
143 39 3
143 61 3
143 160 3
144 12 3
144 34 3
144 86 3
144 181 3
144 183 3
144 189 3
145 3 3
145 90 3
145 96 3
145 105 3
145 200 3
146 121 3
146 219 3
146 238 3
147 128 3
147 134 3
147 138 3
147 244 3
148 40 3
148 61 3
148 159 3
148 257 3
148 274 3
149 35 3
149 66 3
149 181 3
149 280 3
150 188 3
150 200 3
150 295 3
150 311 3
150 348 3
150 353 3
151 90 3
151 128 3
151 133 3
151 219 3
151 317 3
152 95 3
152 237 3
152 333 3
152 347 3
153 252 3
153 353 3
154 41 3
154 252 3
154 258 3
154 275 3
155 36 3
155 257 3
155 295 3
156 310 3
157 60 3
157 66 3
157 316 3
157 333 3
158 42 3
158 78 3
158 89 3
158 95 3
158 347 3
159 36 3
159 47 3
159 59 3
159 96 3
159 353 3
160 27 3
160 115 3
160 127 3
160 133 3
161 17 3
161 134 3
162 8 3
162 153 3
162 182 3
163 65 3
163 77 3
163 172 3
163 181 3
164 46 3
164 88 3
164 94 3
164 96 3
164 191 3
164 310 3
164 347 3
164 352 3
165 28 3
165 59 3
165 115 3
165 211 3
165 315 3
166 18 3
166 38 3
166 126 3
166 132 3
166 134 3
166 231 3
166 251 3
167 9 3
167 59 3
167 153 3
168 64 3
168 172 3
168 272 3
169 44 3
169 181 3
169 187 3
169 191 3
169 292 3
169 309 3
170 211 3
170 315 3
171 39 3
171 231 3
171 328 3
172 88 3
172 250 3
172 344 3
172 346 3
172 352 3
173 93 3
173 126 3
173 256 3
173 271 3
173 360 3
174 45 3
174 131 3
174 181 3
174 292 3
175 186 3
175 309 3
176 40 3
176 87 3
176 315 3
176 328 3
177 58 3
177 64 3
177 70 3
177 93 3
177 344 3
178 57 3
178 112 3
178 125 3
178 131 3
178 309 3
178 345 3
178 351 3
178 360 3
179 46 3
179 54 3
179 132 3
179 250 3
179 314 3
180 40 3
180 151 3
180 255 3
181 38 3
181 170 3
181 180 3
181 186 3
182 29 3
182 70 3
182 86 3
182 189 3
183 20 3
183 62 3
183 92 3
183 112 3
183 209 3
184 11 3
184 61 3
184 125 3
184 228 3
185 2 3
185 48 3
185 125 3
185 151 3
185 248 3
185 249 3
185 255 3
186 38 3
186 60 3
186 130 3
186 170 3
186 265 3
187 30 3
187 185 3
187 189 3
187 284 3
188 21 3
188 208 3
188 303 3
188 308 3
188 314 3
189 12 3
189 228 3
189 322 3
190 3 3
190 247 3
190 341 3
190 345 3
191 249 3
191 255 3
191 265 3
191 360 3
192 86 3
192 249 3
192 254 3
192 283 3
193 91 3
193 302 3
194 307 3
194 313 3
194 321 3
195 341 3
196 344 3
196 350 3
196 360 3
197 54 3
197 124 3
198 59 3
198 129 3
198 179 3
199 184 3
200 59 3
201 67 3
202 79 3
