109
18 92
22 136
23 176
31 242
31 209
34 311
38 349
32 276
42 384
87 46
90 89
96 131
97 173
99 205
102 240
106 273
107 307
110 346
113 382
161 42
163 86
166 129
171 169
172 203
175 237
178 269
180 301
223 302
227 340
232 375
233 39
239 86
239 130
245 170
245 195
239 115
246 234
241 145
251 263
254 297
297 35
289 88
293 131
305 209
305 257
344 34
344 85
348 131
354 167
355 206
359 256
364 293
365 333
368 369
396 31
402 82
404 129
408 163
410 204
413 251
449 28
453 79
460 162
460 202
464 251
470 289
477 326
480 362
511 27
500 78
507 161
505 122
518 283
528 76
533 120
551 284
552 322
554 359
580 24
574 74
589 119
585 156
585 281
588 185
590 213
596 246
607 280
603 72
610 322
600 359
610 154
620 361
647 21
649 364
649 71
655 116
655 151
653 325
661 281
667 246
675 211
680 183
688 147
694 112
690 18
702 70
707 20
709 281
715 212
